#
# parameters of experminet
#
# iter  q  freqkD freqkC freqkDC freq_s_ON freq_s_DEAD
    0  1.0  0.33  0.33  0.34  0.38  0.62
    1  0.96  0.33  0.33  0.34  0.4  0.6
    2  0.96  0.33  0.33  0.34  0.4  0.6
    3  0.96  0.33  0.33  0.34  0.4  0.6
    4  0.96  0.33  0.33  0.34  0.4  0.6
    5  0.96  0.33  0.33  0.34  0.4  0.6
    6  0.96  0.33  0.33  0.34  0.4  0.6
    7  0.96  0.33  0.33  0.34  0.4  0.6
    8  0.96  0.33  0.33  0.34  0.4  0.6
    9  0.96  0.33  0.33  0.34  0.4  0.6
    10  0.84  0.33  0.33  0.34  0.24  0.76
    11  0.93  0.33  0.33  0.34  0.24  0.76
    12  0.93  0.33  0.33  0.34  0.24  0.76
    13  0.93  0.33  0.33  0.34  0.33  0.67
    14  0.5  0.33  0.33  0.34  0.04  0.96
    15  1.0  0.33  0.33  0.34  0.58  0.42
    16  0.15  0.33  0.33  0.34  0.02  0.98
    17  1.0  0.33  0.33  0.34  0.58  0.42
    18  0.15  0.33  0.33  0.34  0.02  0.98
    19  1.0  0.33  0.33  0.34  0.58  0.42
    20  0.15  0.33  0.33  0.34  0.02  0.98
    21  1.0  0.33  0.33  0.34  0.58  0.42
    22  0.15  0.33  0.33  0.34  0.02  0.98
    23  1.0  0.33  0.33  0.34  0.58  0.42
    24  0.15  0.33  0.33  0.34  0.02  0.98
    25  1.0  0.33  0.33  0.34  0.58  0.42
    26  0.15  0.33  0.33  0.34  0.02  0.98
    27  1.0  0.33  0.33  0.34  0.49  0.51
    28  0.0  0.33  0.33  0.34  0.0  1.0
