#parameters of run: 
#Number of Sensors 45
#Sensor Range: 30
#POI: 36
#Sensor for file: 
#id num_of_neighb neigb-ID
1    12     2 3 4 5 7 8 22 23 25 26 27 31 
2    18     1 3 4 5 6 7 8 9 10 11 12 13 14 16 17 18 19 32 
3    28     1 2 4 5 6 7 8 9 10 11 12 13 14 15 16 17 18 19 20 21 22 23 24 25 26 27 28 29 
4    29     1 2 3 5 6 7 8 9 10 11 12 13 14 15 16 17 18 19 20 21 22 23 24 26 27 28 29 30 34 
5    25     1 2 3 4 6 7 8 9 11 12 13 14 15 17 18 19 20 21 23 24 27 28 29 30 35 
6    20     2 3 4 5 8 9 12 13 14 15 18 19 20 21 23 24 28 29 30 36 
7    27     1 2 3 4 5 8 9 10 11 12 13 14 16 17 18 19 20 22 23 25 26 27 28 31 32 33 37 
8    34     1 2 3 4 5 6 7 9 10 11 12 13 14 15 16 17 18 19 20 21 22 23 24 25 26 27 28 29 30 32 33 34 35 38 
9    27     2 3 4 5 6 7 8 11 12 13 14 15 17 18 19 20 21 23 24 27 28 29 30 34 35 36 39 
10    24     2 3 4 7 8 11 12 13 14 16 17 18 19 22 23 25 26 27 28 31 32 33 37 40 
11    34     1 2 3 4 5 7 8 9 10 12 13 14 15 16 17 18 19 20 22 23 24 25 26 27 28 29 31 32 33 34 35 37 38 41 
12    37     1 2 3 4 5 6 7 8 9 10 11 13 14 15 16 17 18 19 20 21 22 23 24 25 26 27 28 29 30 31 32 33 34 35 37 38 42 
13    37     1 2 3 4 5 6 7 8 9 10 11 12 14 15 16 17 18 19 20 21 22 23 24 25 26 27 28 29 30 32 33 34 35 36 38 39 43 
14    34     2 3 4 5 6 7 8 9 10 11 12 13 15 17 18 19 20 21 22 23 24 26 27 28 29 30 32 33 34 35 36 38 39 44 
15    25     3 4 5 6 8 9 11 12 13 14 18 19 20 21 23 24 27 28 29 30 34 35 36 39 45 
16    29     1 2 3 4 7 8 10 11 12 13 17 18 19 20 22 23 25 26 27 28 31 32 33 34 37 38 40 41 42 
17    37     1 2 3 4 5 7 8 9 10 11 12 13 14 16 18 19 20 21 22 23 24 25 26 27 28 29 31 32 33 34 35 37 38 40 41 42 43 
18    43     1 2 3 4 5 6 7 8 9 10 11 12 13 14 15 16 17 19 20 21 22 23 24 25 26 27 28 29 30 31 32 33 34 35 36 37 38 39 40 41 42 43 44 
19    43     1 2 3 4 5 6 7 8 9 10 11 12 13 14 15 16 17 18 20 21 22 23 24 25 26 27 28 29 30 31 32 33 34 35 36 37 38 39 41 42 43 44 45 
20    36     3 4 5 6 7 8 9 11 12 13 14 15 16 17 18 19 21 22 23 24 26 27 28 29 30 32 33 34 35 36 38 39 42 43 44 45 
21    29     3 4 5 6 8 9 12 13 14 15 17 18 19 20 23 24 27 28 29 30 33 34 35 36 38 39 43 44 45 
22    34     1 2 3 4 7 8 10 11 12 13 14 16 17 18 19 20 23 24 25 26 27 28 29 31 32 33 34 35 37 38 40 41 42 43 
23    44     1 2 3 4 5 6 7 8 9 10 11 12 13 14 15 16 17 18 19 20 21 22 24 25 26 27 28 29 30 31 32 33 34 35 36 37 38 39 40 41 42 43 44 45 
24    34     3 4 5 6 8 9 11 12 13 14 15 17 18 19 20 21 22 23 26 27 28 29 30 32 33 34 35 36 38 39 42 43 44 45 
25    29     1 2 3 7 8 10 11 12 13 16 17 18 19 22 23 26 27 28 29 31 32 33 34 37 38 40 41 42 43 
26    37     1 2 3 4 7 8 10 11 12 13 14 16 17 18 19 20 22 23 24 25 27 28 29 30 31 32 33 34 35 37 38 39 40 41 42 43 44 
27    43     1 2 3 4 5 7 8 9 10 11 12 13 14 15 16 17 18 19 20 21 22 23 24 25 26 28 29 30 31 32 33 34 35 36 37 38 39 40 41 42 43 44 45 
28    43     2 3 4 5 6 7 8 9 10 11 12 13 14 15 16 17 18 19 20 21 22 23 24 25 26 27 29 30 31 32 33 34 35 36 37 38 39 40 41 42 43 44 45 
29    37     3 4 5 6 8 9 11 12 13 14 15 17 18 19 20 21 22 23 24 25 26 27 28 30 32 33 34 35 36 37 38 39 41 42 43 44 45 
30    29     4 5 6 8 9 12 13 14 15 18 19 20 21 23 24 26 27 28 29 33 34 35 36 38 39 42 43 44 45 
31    25     1 7 10 11 12 16 17 18 19 22 23 25 26 27 28 32 33 34 35 37 38 40 41 42 43 
32    34     2 7 8 10 11 12 13 14 16 17 18 19 20 22 23 24 25 26 27 28 29 31 33 34 35 36 37 38 39 40 41 42 43 44 
33    37     3 7 8 10 11 12 13 14 16 17 18 19 20 21 22 23 24 25 26 27 28 29 30 31 32 34 35 36 37 38 39 40 41 42 43 44 45 
34    37     4 8 9 11 12 13 14 15 16 17 18 19 20 21 22 23 24 25 26 27 28 29 30 31 32 33 35 36 37 38 39 40 41 42 43 44 45 
35    34     5 8 9 11 12 13 14 15 17 18 19 20 21 22 23 24 26 27 28 29 30 31 32 33 34 36 37 38 39 41 42 43 44 45 
36    25     6 9 13 14 15 18 19 20 21 23 24 27 28 29 30 32 33 34 35 38 39 42 43 44 45 
37    27     7 10 11 12 16 17 18 19 22 23 25 26 27 28 29 31 32 33 34 35 38 39 40 41 42 43 44 
38    34     8 11 12 13 14 16 17 18 19 20 21 22 23 24 25 26 27 28 29 30 31 32 33 34 35 36 37 39 40 41 42 43 44 45 
39    27     9 13 14 15 18 19 20 21 23 24 26 27 28 29 30 32 33 34 35 36 37 38 41 42 43 44 45 
40    20     10 16 17 18 22 23 25 26 27 28 31 32 33 34 37 38 41 42 43 44 
41    25     11 16 17 18 19 22 23 25 26 27 28 29 31 32 33 34 35 37 38 39 40 42 43 44 45 
42    29     12 16 17 18 19 20 22 23 24 25 26 27 28 29 30 31 32 33 34 35 36 37 38 39 40 41 43 44 45 
43    29     13 17 18 19 20 21 22 23 24 25 26 27 28 29 30 31 32 33 34 35 36 37 38 39 40 41 42 44 45 
44    25     14 18 19 20 21 23 24 26 27 28 29 30 32 33 34 35 36 37 38 39 40 41 42 43 45 
45    20     15 19 20 21 23 24 27 28 29 30 33 34 35 36 38 39 41 42 43 44 
